Trap = 0.552314 Count iteration = 11
Simpson = 0.552314 Count iteration = 5
